100
2 2 2
2 1 3
4 4 1
3 2 3
5 2 5
16 8 8
7 6 7
5 3 5
6 12 12
19 19 10
18 3 6
4 3 3
10 10 10
15 10 9
13 16 10
3 4 4
6 3 20
6 3 4
5 5 3
7 14 5
10 5 20
6 18 1
7 3 7
4 4 3
18 6 9
5 4 4
18 9 12
8 4 4
6 4 9
3 3 4
6 6 3
7 5 7
18 15 18
2 1 1
7 1 7
7 14 4
8 7 1
8 10 11
10 10 1
17 4 5
5 2 10
5 10 4
2 1 4
2 4 1
12 12 2
20 17 14
5 10 10
4 2 4
18 12 15
19 19 1
3 2 2
7 7 7
6 10 3
14 7 8
1 1 1
6 6 6
5 2 20
7 2 7
6 4 6
5 15 2
3 1 3
5 15 3
6 4 20
2 3 3
6 5 5
20 10 16
6 20 20
5 7 7
5 6 10
5 20 20
5 4 5
5 5 1
7 14 20
5 5 5
5 10 7
5 4 15
4 1 4
4 4 4
5 20 4
6 3 8
4 3 2
5 3 10
5 3 8
10 15 5
6 18 18
20 20 20
5 3 20
11 11 11
5 20 1
5 5 6
8 16 6
9 9 9
2 4 4
7 4 7
6 9 2
8 8 8
19 19 19
6 6 5
5 20 5
5 10 5
